[sort]
cell_counts = 52000,57000,118000,174000,465000,1176000,1823000,4643000,2394000,528000,20000,1600
bin_edges = 0.7749767,0.8604071,0.9456620,1.0282188,1.1163473,1.2008219,1.2839027,1.3689481,1.4524884,1.5379187,1.6231736

[fitting]
mean_range = 0.4,1.9,0.002
sigma_range = 0.01,0.1,0.002
fuzz_range = 0.01, 0.1, 0.002
