[sort]
cell_counts = 617000,662000,1390000,1702000,2390000,3448000,3346000,3180000,2226000,1149000,224000,16000
bin_edges = -0.39794001,-0.30980392,-0.22184875,-0.13667714,-0.04575749,0.04139269,0.12710480,0.21484385,0.30103000,0.38916608,0.47712125

[fitting]
mean_range = -0.9,0.9,0.002
sigma_range = 0.01,0.1,0.002
fuzz_range = 0.01, 0.1, 0.002
